810,1080
834,1112
820,1180
768,1024
834,1194
1024,1366
414,896
375,812
414,896
390,844
360,780
390,844
428,926
390,844
360,780
390,844
428,926
390,844
428,926
393,852
430,932
393,852
430,932
393,852
430,932
393,852
430,932
402,874
440,956
320,568
320,568
320,568
375,667
375,667
414,736
375,667
414,736
375,667
414,736
320,568
375,667
375,667
375,812
414,896
414,896
197,162
224,184
390,390
360,540
390,695
504,504
360,640
346,346
384,640
360,640
412,732
412,732
412,823
393,786
412,846
393,808
412,823
393,830
412,869
393,851
393,851
412,732
360,640
360,720
360,780
360,780
360,760
360,640
360,640
360,640
360,640
360,640
360,720
360,720
360,760
360,720
360,780
360,780
360,780
392,800
1280,800
360,800
360,780
360,800
360,770
360,640
360,760
360,747
360,780
360,771
360,780
360,780
360,770
400,880
360,640
360,640
227,227
360,780
360,780
600,960
360,640
360,640
360,720
360,780
360,780
360,780
360,640
320,640
360,640
360,720
360,760
360,800
360,780
360,640
360,720
360,720
360,640
360,760
180,180
1280,800
1440,900
1280,800
1536,960
320,480
432,768
320,480
360,640
320,480
411,731
1366,768
1280,720
1280,720
1500,1000
1500,1000
1620,1080
1504,1003
1504,1003
1664,1110
1280,720
1280,720
1440,960
1368,912
1368,912
1368,912
1368,912
1440,960
360,780
411,731
411,731
412,869
412,892
412,892
412,892
412,914
412,892
412,915
412,906
412,914
412,915
412,919
412,915
160,160
412,892
412,915
412,915
412,892
412,892
412,915
360,720
412,914
412,914
768,1076
412,732
360,640
360,640
360,740
360,740
412,869
412,869
412,915
412,883
360,760
412,914
412,869
360,800
412,914
412,915
384,854
384,854
360,780
360,780
360,640
360,640
360,640
360,640
360,740
360,740
360,740
360,740
180,180
180,180
180,180
180,180
180,180
180,180
412,1004
884,1104
411,960
360,840
360,840
360,840
540,960
360,840
360,640
360,640
540,960
360,640
360,640
360,640
385,854
393,851
393,851
393,873
360,640
393,816
393,816
393,817
393,851
393,851
393,851
227,227
227,227
393,851
393,851
393,851
393,851
393,873